(13 , 12 , 3 , 3 , 2)		(2 , 6)
(2 , 5 , 0.5 , 0.5 , 1)		(1.58114 , 3.16228)
(25 , 12 , 2.7 , 2.7 , 2)		(2.10819 , 5.6921)
(30 , 4 , 1 , 1 , 1)		(2 , 2)
(6 , 5 , 0.8 , 0.8 , 2)		(2 , 2.5)
(8 , 7 , 0.6 , 0.6 , 2)		(3.41565 , 2.04939)
(16 , 12 , 0.8 , 1.3 , 1)		(3.74395 , 3.20517)
(7 , 4 , 0.3 , 0.3 , 1)		(1.09545 , 3.65148)
(1 , 4 , 1 , 1 , 1)		(2 , 2)
(21 , 5 , 0.8 , 0.8 , 1)		(2 , 2.5)
(3 , 3 , 3 , 3 , 2)		(1 , 3)
(10 , 14 , 0.9 , 1.4 , 1)		(4.42719 , 3.16228)
(17 , 6 , 0.75 , 0.75 , 2)		(2.82843 , 2.12132)
(18 , 5 , 0.7 , 0.7 , 2)		(2.67261 , 1.87083)
(32 , 7 , 1.2 , 1.2 , 1)		(2.89828 , 2.41523)
(44 , 5 , 0.9 , 0.9 , 2)		(2.12132 , 2.35702)
(12 , 8 , 2 , 2 , 2)		(2 , 4)
(11 , 9 , 1 , 3 , 1)		(3 , 3)
(33 , 4 , 0.9 , 0.9 , 2)		(1.89737 , 2.10819)
(19 , 6 , 0.8 , 0.8 , 1)		(2.19089 , 2.73861)
(4 , 4 , 2 , 2 , 2)		(1.41421 , 2.82843)
(42 , 6 , 2 , 2 , 2)		(1.73205 , 3.4641)
(38 , 3 , 1.5 , 1.5 , 1)		(2.12132 , 1.41421)
(5 , 6 , 1.5 , 1.5 , 1)		(3 , 2)
(36 , 8 , 1 , 1 , 1)		(2.82843 , 2.82843)
(22 , 6 , 1.2 , 1.2 , 2)		(2.68328 , 2.23607)
(31 , 8 , 2 , 2 , 2)		(2 , 4)
(15 , 8 , 4 , 4 , 1)		(5.65685 , 1.41421)
(9 , 8 , 3 , 3 , 2)		(4.89898 , 1.63299)
(20 , 4 , 2 , 2 , 2)		(1.41421 , 2.82843)
(35 , 9 , 0.7 , 1.2 , 2)		(2.63445 , 3.41627)
(37 , 4 , 1.7 , 1.7 , 2)		(2.60768 , 1.53393)
(26 , 4 , 1.3 , 1.3 , 2)		(1.75412 , 2.28035)
(23 , 4 , 1 , 1 , 1)		(2 , 2)
(14 , 6 , 1 , 1.5 , 1)		(3 , 2)
(27 , 8 , 2 , 2 , 2)		(4 , 2)
(43 , 4 , 0.6 , 0.6 , 2)		(1.54919 , 2.58199)
(39 , 7 , 1.3 , 1.3 , 2)		(2.32048 , 3.01662)
(28 , 9 , 1.4 , 1.4 , 1)		(3.54965 , 2.53546)
(45 , 7 , 0.7 , 0.7 , 2)		(3.16228 , 2.21359)
(29 , 6 , 2 , 2 , 2)		(3.4641 , 1.73205)
(41 , 13 , 0.8 , 1.2 , 2)		(3.2249 , 4.03113)
(34 , 16 , 0.8 , 1.4 , 1)		(3.96478 , 4.03553)
(40 , 10 , 1 , 1.5 , 2)		(3.87298 , 2.58199)
(24 , 3 , 1.5 , 1.5 , 1)		(2.12132 , 1.41421)
