(45 , 4 , 1 , 1 , 1)		(2 , 2)
(4 , 5 , 0.5 , 0.5 , 1)		(1.58114 , 3.16228)
(32 , 3 , 3 , 3 , 2)		(1 , 3)
(29 , 4 , 2 , 2 , 2)		(1.41421 , 2.82843)
(1 , 6 , 1.5 , 1.5 , 1)		(3 , 2)
(39 , 5 , 0.8 , 0.8 , 2)		(2.5 , 2)
(24 , 4 , 0.3 , 0.3 , 1)		(1.09545 , 3.65148)
(21 , 7 , 0.6 , 0.6 , 2)		(2.04939 , 3.41565)
(19 , 8 , 3 , 3 , 2)		(1.63299 , 4.89898)
(8 , 14 , 0.9 , 1.4 , 1)		(3.54965 , 3.94405)
(9 , 9 , 1 , 3 , 1)		(4.53254 , 1.98564)
(38 , 8 , 2 , 2 , 2)		(4 , 2)
(15 , 12 , 3 , 3 , 2)		(6 , 2)
(17 , 6 , 1 , 1.5 , 1)		(2.44949 , 2.44949)
(18 , 8 , 4 , 4 , 1)		(5.65685 , 1.41421)
(23 , 12 , 0.8 , 1.3 , 1)		(3.94968 , 3.03822)
(3 , 6 , 0.75 , 0.75 , 2)		(2.82843 , 2.12132)
(16 , 5 , 0.7 , 0.7 , 2)		(1.87083 , 2.67261)
(27 , 6 , 0.8 , 0.8 , 1)		(2.19089 , 2.73861)
(35 , 4 , 2 , 2 , 2)		(2.82843 , 1.41421)
(14 , 5 , 0.8 , 0.8 , 1)		(2 , 2.5)
(31 , 6 , 1.2 , 1.2 , 2)		(2.23607 , 2.68328)
(26 , 4 , 1 , 1 , 1)		(2 , 2)
(12 , 3 , 1.5 , 1.5 , 1)		(2.12132 , 1.41421)
(11 , 12 , 2.7 , 2.7 , 2)		(5.6921 , 2.10819)
(28 , 4 , 1.3 , 1.3 , 2)		(1.75412 , 2.28035)
(36 , 8 , 2 , 2 , 2)		(4 , 2)
(42 , 9 , 1.4 , 1.4 , 1)		(3.54965 , 2.53546)
(2 , 6 , 2 , 2 , 2)		(3.4641 , 1.73205)
(6 , 4 , 1 , 1 , 1)		(2 , 2)
(10 , 8 , 2 , 2 , 2)		(4 , 2)
(30 , 7 , 1.2 , 1.2 , 1)		(2.89828 , 2.41523)
(34 , 4 , 0.9 , 0.9 , 2)		(1.89737 , 2.10819)
(33 , 16 , 0.8 , 1.4 , 1)		(4.73286 , 3.38062)
(41 , 9 , 0.7 , 1.2 , 2)		(3.18774 , 2.82332)
(43 , 8 , 1 , 1 , 1)		(2.82843 , 2.82843)
(40 , 4 , 1.7 , 1.7 , 2)		(1.53393 , 2.60768)
(22 , 3 , 1.5 , 1.5 , 1)		(2.12132 , 1.41421)
(44 , 7 , 1.3 , 1.3 , 2)		(2.32048 , 3.01662)
(20 , 10 , 1 , 1.5 , 2)		(3.22139 , 3.10425)
(25 , 13 , 0.8 , 1.2 , 2)		(3.2249 , 4.03113)
(7 , 6 , 2 , 2 , 2)		(1.73205 , 3.4641)
(13 , 4 , 0.6 , 0.6 , 2)		(1.54919 , 2.58199)
(37 , 5 , 0.9 , 0.9 , 2)		(2.12132 , 2.35702)
(5 , 7 , 0.7 , 0.7 , 2)		(2.21359 , 3.16228)
